"Country"	"Year"	"Sample_number"	"N_before_subsampling"	"N_after_subsampling"	"D"	"Pval.normal"	"Pval.beta"	"pi"
"Bangladesh"	2010	"0"	32	15	-4.4578738664778	8.2776583127143e-06	0	6.77360255469255e-06
"Bangladesh"	2010	"1"	32	15	-4.4595532668201	8.21306603394741e-06	0	4.38364584930893e-06
"Bangladesh"	2010	"2"	32	15	-4.45731707520908	8.2991803178622e-06	0	7.62885600712046e-06
"Bangladesh"	2010	"3"	32	15	-4.45825867390878	8.26281529394811e-06	0	4.23047905071191e-06
"Bangladesh"	2010	"4"	32	15	-4.45576457403869	8.35947297519572e-06	0	8.73148866066434e-06
"Bangladesh"	2010	"5"	32	15	-4.46098585496352	8.15834756780004e-06	0	2.05595890157925e-06
"Bangladesh"	2010	"6"	32	15	-4.45574331125265	8.36030163194673e-06	0	8.32217355034067e-06
"Bangladesh"	2010	"7"	32	15	-4.4600839027159	8.19275733458635e-06	0	4.17071789796016e-06
"Bangladesh"	2010	"8"	32	15	-4.45795630777558	8.27447619485824e-06	0	6.96069923567931e-06
"Bangladesh"	2010	"9"	32	15	-4.45852182256154	8.25267962004739e-06	0	3.92382381633778e-06
"India"	2010	"0"	18	15	-4.45712706899072	8.3065369810193e-06	0	3.36929703382786e-06
"India"	2010	"1"	18	15	-4.45528125897097	8.37832821096906e-06	0	6.23607750724794e-06
"India"	2010	"2"	18	15	-4.45725952176011	8.30140801528093e-06	0	5.53079459782956e-06
"India"	2010	"3"	18	15	-4.45726664433098	8.30113229390557e-06	0	5.81934384138804e-06
"India"	2010	"4"	18	15	-4.45374836049752	8.43839939895864e-06	0	8.99227979611259e-06
"India"	2010	"5"	18	15	-4.45910116397272	8.23040704318617e-06	0	3.94014908625081e-06
"India"	2010	"6"	18	15	-4.45608151253272	8.34713049913793e-06	0	5.64850395373193e-06
"India"	2010	"7"	18	15	-4.45644220241277	8.33310541166286e-06	0	4.3637976117685e-06
"India"	2010	"8"	18	15	-4.4588096709429	8.24160619875504e-06	0	3.64617328347743e-06
"India"	2010	"9"	18	15	-4.45477706330075	8.39804136519209e-06	0	7.46104440868644e-06
"Bangladesh"	2011	"0"	20	15	-4.45477405392832	8.39815915928544e-06	0	1.08646581062503e-05
"Bangladesh"	2011	"1"	20	15	-4.45048974316582	8.56746857136286e-06	0	1.26338844230761e-05
"Bangladesh"	2011	"2"	20	15	-4.45490502872009	8.39303395110002e-06	0	1.08870546690335e-05
"Bangladesh"	2011	"3"	20	15	-4.45238671197094	8.49210469054453e-06	0	1.30353396035952e-05
"Bangladesh"	2011	"4"	20	15	-4.45061574623053	8.56244289370622e-06	0	1.45316587572782e-05
"Bangladesh"	2011	"5"	20	15	-4.45317934102993	8.46080270843914e-06	0	1.38414768265191e-05
"Bangladesh"	2011	"6"	20	15	-4.45319655196337	8.4601242504168e-06	0	1.20627279747485e-05
"Bangladesh"	2011	"7"	20	15	-4.45254237773594	8.48594852036296e-06	0	1.32695932040953e-05
"Bangladesh"	2011	"8"	20	15	-4.45045726624546	8.56876438192148e-06	0	1.26037541811506e-05
"Bangladesh"	2011	"9"	20	15	-4.4509319132146	8.54984486099637e-06	0	1.30356373255539e-05
"India"	2011	"0"	18	15	-4.43976029774113	9.0059128943781e-06	0	2.09754912563753e-05
"India"	2011	"1"	18	15	-4.44765517524603	8.68127421806338e-06	0	1.39204089345596e-05
"India"	2011	"2"	18	15	-4.44869817338598	8.63923169388419e-06	0	1.31302915470388e-05
"India"	2011	"3"	18	15	-4.43390594305614	9.25410116029687e-06	0	2.82509669467984e-05
"India"	2011	"4"	18	15	-4.45685514466591	8.3170761946399e-06	0	3.92425493163735e-06
"India"	2011	"5"	18	15	-4.44882269820461	8.63422520787617e-06	0	1.31088660787914e-05
"India"	2011	"6"	18	15	-4.45862911794784	8.24855034452205e-06	0	3.05198019504897e-06
"India"	2011	"7"	18	15	-4.44985517480414	8.59282143802227e-06	0	1.31841380731684e-05
"India"	2011	"8"	18	15	-4.44846762693652	8.64850807418013e-06	0	1.33901212689419e-05
"India"	2011	"9"	18	15	-4.45488388556005	8.39386110712749e-06	0	4.40966108344664e-06
"Bangladesh"	2012	"0"	18	15	-4.44925652840612	8.6168048319712e-06	0	1.74701888271751e-05
"Bangladesh"	2012	"1"	18	15	-4.45027365222675	8.57609400008497e-06	0	1.61004784789734e-05
"Bangladesh"	2012	"2"	18	15	-4.4490808796595	8.6238539260917e-06	0	1.77462842696342e-05
"Bangladesh"	2012	"3"	18	15	-4.44881138814021	8.6346798113932e-06	0	1.79080500244715e-05
"Bangladesh"	2012	"4"	18	15	-4.44934178266703	8.61338541335781e-06	0	1.7375421737641e-05
"Bangladesh"	2012	"5"	18	15	-4.447913213368	8.67085471658481e-06	0	1.86990664750086e-05
"Bangladesh"	2012	"6"	18	15	-4.45063582962178	8.56164212077815e-06	0	1.56678965395077e-05
"Bangladesh"	2012	"7"	18	15	-4.44971790875469	8.59831504372735e-06	0	1.66472315178527e-05
"Bangladesh"	2012	"8"	18	15	-4.44912693512675	8.62200510605375e-06	0	1.70649860324918e-05
"Bangladesh"	2012	"9"	18	15	-4.44919460313618	8.61928937362213e-06	0	1.71886450831762e-05
"India"	2012	"0"	40	15	-4.46204313672153	8.11818780685557e-06	0	5.15088194503344e-06
"India"	2012	"1"	40	15	-4.46091605356063	8.16100557409961e-06	0	2.7696486204558e-06
"India"	2012	"2"	40	15	-4.44580988436514	8.75613601432592e-06	0	8.14320444610111e-06
"India"	2012	"3"	40	15	-4.45696109098394	8.31296841979351e-06	0	5.5688112301504e-06
"India"	2012	"4"	40	15	-4.46097288640556	8.15884134210578e-06	0	2.826232177938e-06
"India"	2012	"5"	40	15	-4.45664993750528	8.32503805241732e-06	0	3.11589280815131e-06
"India"	2012	"6"	40	15	-4.45782168024525	8.27967323224437e-06	0	2.30528990894874e-06
"India"	2012	"7"	40	15	-4.46194425020977	8.12193588390041e-06	0	1.83765203791906e-06
"India"	2012	"8"	40	15	-4.4555521148349	8.36775649776005e-06	0	6.40799962279849e-06
"India"	2012	"9"	40	15	-4.45535961617444	8.37526855728433e-06	0	3.44276383124256e-06
"Bangladesh"	2013	"0"	19	15	-4.4565956911119	8.32714398201308e-06	0	1.15215781003132e-05
"Bangladesh"	2013	"1"	19	15	-4.45771952868714	8.28361867873931e-06	0	3.61441605916485e-06
"Bangladesh"	2013	"2"	19	15	-4.45768666225431	8.28488847611559e-06	0	3.03023627862861e-06
"Bangladesh"	2013	"3"	19	15	-4.45723020051541	8.30254316026189e-06	0	1.39703188267434e-05
"Bangladesh"	2013	"4"	19	15	-4.45328325875707	8.45670704412209e-06	0	2.2097040724831e-05
"Bangladesh"	2013	"5"	19	15	-4.44884074781255	8.63349975848025e-06	0	2.94024615431041e-05
"Bangladesh"	2013	"6"	19	15	-4.4577482272816	8.2825100582814e-06	0	1.29642533631386e-05
"Bangladesh"	2013	"7"	19	15	-4.45749873148484	8.29215277129251e-06	0	3.00299715527255e-06
"Bangladesh"	2013	"8"	19	15	-4.45702793831605	8.31037759760617e-06	0	1.28278305914531e-05
"Bangladesh"	2013	"9"	19	15	-4.4576018034759	8.28816786248699e-06	0	1.32101908365935e-05
"India"	2013	"0"	20	15	-4.46234876029042	8.10661426248025e-06	0	2.9392121647835e-06
"India"	2013	"1"	20	15	-4.45996663976962	8.19724113074466e-06	0	2.14982979821917e-06
"India"	2013	"2"	20	15	-4.46186582363358	8.12490964794055e-06	0	1.8110151240376e-06
"India"	2013	"3"	20	15	-4.45798488179612	8.27337355084112e-06	0	2.16324752089331e-06
"India"	2013	"4"	20	15	-4.46037491258102	8.18164008436581e-06	0	2.17077581327456e-06
"India"	2013	"5"	20	15	-4.46152196477936	8.13796031283634e-06	0	1.52545388486901e-06
"India"	2013	"6"	20	15	-4.46189618491374	8.1237582912285e-06	0	2.567838560286e-06
"India"	2013	"7"	20	15	-4.46299478948289	8.08220190977928e-06	0	1.57053196065877e-06
"India"	2013	"8"	20	15	-4.46313818252027	8.07679286729891e-06	0	1.76625156405979e-06
"India"	2013	"9"	20	15	-4.45871046385014	8.24542105421281e-06	0	2.64815052458909e-06
"Bangladesh"	2014	"0"	123	15	-4.45375490300781	8.43814213867861e-06	0	3.29872631723122e-06
"Bangladesh"	2014	"1"	123	15	-4.45649117928003	8.33120272991946e-06	0	6.27864818628146e-06
"Bangladesh"	2014	"2"	123	15	-4.45655008013879	8.32891506516817e-06	0	3.63466693892379e-06
"Bangladesh"	2014	"3"	123	15	-4.44552217324013	8.76786364565848e-06	0	3.28801949028516e-06
"Bangladesh"	2014	"4"	123	15	-4.44805264572522	8.66522945494917e-06	0	3.32792216122009e-06
"Bangladesh"	2014	"5"	123	15	-4.45875972128946	8.24352672457322e-06	0	3.15443701737236e-06
"Bangladesh"	2014	"6"	123	15	-4.45412913365102	8.42343935876965e-06	0	3.1220911991956e-06
"Bangladesh"	2014	"7"	123	15	-4.45696887172282	8.31266681965729e-06	0	5.78180744904915e-06
"Bangladesh"	2014	"8"	123	15	-4.44896720150304	8.62841896823773e-06	0	3.41112669209202e-06
"Bangladesh"	2014	"9"	123	15	-4.45577592050925	8.35903081082658e-06	0	1.31045629025427e-05
"India"	2014	"0"	30	15	-4.45534973595507	8.37565429640028e-06	0	8.26205347395525e-06
"India"	2014	"1"	30	15	-4.45731957618037	8.299083526762e-06	0	6.12029678731498e-06
"India"	2014	"2"	30	15	-4.4546614341326	8.40256850516891e-06	0	3.19825346019299e-06
"India"	2014	"3"	30	15	-4.45853245154228	8.25227047432071e-06	0	3.36332527164858e-06
"India"	2014	"4"	30	15	-4.45950282089401	8.21499922248819e-06	0	2.80794790389262e-06
"India"	2014	"5"	30	15	-4.45547817475132	8.37064117036516e-06	0	3.55137777865502e-06
"India"	2014	"6"	30	15	-4.45787670979862	8.2775485450672e-06	0	5.47962411688347e-06
"India"	2014	"7"	30	15	-4.45850628047773	8.25327792277592e-06	0	5.24940596795701e-06
"India"	2014	"8"	30	15	-4.45691248242836	8.31485284100466e-06	0	3.27060026257934e-06
"India"	2014	"9"	30	15	-4.4590390241956	8.23279323137943e-06	0	2.82110761533757e-06
"Bangladesh"	2015	"0"	158	15	-4.4584356466486	8.25599754085861e-06	0	2.47963780854893e-06
"Bangladesh"	2015	"1"	158	15	-4.45618916608462	8.34294213150134e-06	0	6.30960209418651e-06
"Bangladesh"	2015	"2"	158	15	-4.45808264466057	8.26960203797155e-06	0	6.2627725328495e-06
"Bangladesh"	2015	"3"	158	15	-4.44577977934275	8.7573624475e-06	0	2.92067685855904e-06
"Bangladesh"	2015	"4"	158	15	-4.44110059500536	8.94999408757578e-06	0	3.54123405608211e-06
"Bangladesh"	2015	"5"	158	15	-4.44879361066713	8.63539441605201e-06	0	2.21202655398711e-06
"Bangladesh"	2015	"6"	158	15	-4.45883050100239	8.24080542533377e-06	0	2.22084044765231e-06
"Bangladesh"	2015	"7"	158	15	-4.44538229054828	8.7735709414772e-06	0	3.2589465350277e-06
"Bangladesh"	2015	"8"	158	15	-4.45593611538896	8.35279050874049e-06	0	6.51538306423362e-06
"Bangladesh"	2015	"9"	158	15	-4.45355845843153	8.44586987038105e-06	0	4.83388260293404e-06
"India"	2015	"0"	68	15	-4.46199943876566	8.11984387841342e-06	0	1.87782478078904e-06
"India"	2015	"1"	68	15	-4.42551672820048	9.62117003147893e-06	0	2.70547620918948e-06
"India"	2015	"2"	68	15	-4.46068868501261	8.16966940800274e-06	0	2.86215244167363e-06
"India"	2015	"3"	68	15	-4.45832978058949	8.26007531149478e-06	0	5.57478410317434e-06
"India"	2015	"4"	68	15	-4.45663059475911	8.32578890958854e-06	0	2.61493588944786e-06
"India"	2015	"5"	68	15	-4.4585347400579	8.25218238408459e-06	0	1.7648050228704e-06
"India"	2015	"6"	68	15	-4.45906998264439	8.23160433396091e-06	0	2.54024178671155e-06
"India"	2015	"7"	68	15	-4.45867431800608	8.24681140626084e-06	0	2.95794168718647e-06
"India"	2015	"8"	68	15	-4.45784515594371	8.27876677343318e-06	0	2.79858383585068e-06
"India"	2015	"9"	68	15	-4.46180529457463	8.12720548891446e-06	0	2.60601734617266e-06
"Bangladesh"	2016	"0"	321	15	-4.453797529782	8.43646618025805e-06	0	2.03927534277339e-06
"Bangladesh"	2016	"1"	321	15	-4.44495596789589	8.79098706182802e-06	0	1.34944967388788e-06
"Bangladesh"	2016	"2"	321	15	-4.45890431054162	8.23796855162043e-06	0	2.1393480587611e-06
"Bangladesh"	2016	"3"	321	15	-4.45716351969286	8.30512519926649e-06	0	5.2955438993767e-06
"Bangladesh"	2016	"4"	321	15	-4.4415944370005	8.92947417303101e-06	0	1.7009202931888e-06
"Bangladesh"	2016	"5"	321	15	-4.45373306091999	8.43900102813052e-06	0	1.57913944087268e-06
"Bangladesh"	2016	"6"	321	15	-4.43777157647186	9.08950028000662e-06	0	2.13654199895212e-06
"Bangladesh"	2016	"7"	321	15	-4.44560940819101	8.76430620490805e-06	0	1.58355368067361e-06
"Bangladesh"	2016	"8"	321	15	-4.44518741308496	8.78152797467826e-06	0	1.56407908599715e-06
"Bangladesh"	2016	"9"	321	15	-4.45698911214581	8.31188230121414e-06	0	5.29073212226705e-06
"India"	2016	"0"	36	15	-4.46120072572966	8.15017057831062e-06	0	2.67169248455181e-06
"India"	2016	"1"	36	15	-4.45671890282887	8.32236144596956e-06	0	4.59613933278729e-06
"India"	2016	"2"	36	15	-4.44823151193882	8.65801837957202e-06	0	3.74600890809232e-06
"India"	2016	"3"	36	15	-4.46034013841321	8.18296777903447e-06	0	3.68499230018584e-06
"India"	2016	"4"	36	15	-4.45713933994216	8.30606168595366e-06	0	2.84917105277458e-06
"India"	2016	"5"	36	15	-4.45937097642157	8.22005381987254e-06	0	3.1728939376213e-06
"India"	2016	"6"	36	15	-4.45956213297716	8.21272631005126e-06	0	3.13853501032056e-06
"India"	2016	"7"	36	15	-4.45756331615066	8.28965562267753e-06	0	3.39251436780919e-06
"India"	2016	"8"	36	15	-4.46103336574799	8.15653885165202e-06	0	3.05264074272164e-06
"India"	2016	"9"	36	15	-4.46149018216993	8.13916758689281e-06	0	2.19858599079202e-06
"Bangladesh"	2017	"0"	504	15	-4.45795063498324	8.27469511917838e-06	0	2.5322435233127e-06
"Bangladesh"	2017	"1"	504	15	-4.45775577665218	8.28221845129981e-06	0	8.59578155530692e-06
"Bangladesh"	2017	"2"	504	15	-4.43545550287942	9.18778090096508e-06	0	2.52680447134913e-06
"Bangladesh"	2017	"3"	504	15	-4.44295176278881	8.87330646911939e-06	0	2.83618443218365e-06
"Bangladesh"	2017	"4"	504	15	-4.44106466778485	8.95148867724068e-06	0	1.94108064824613e-06
"Bangladesh"	2017	"5"	504	15	-4.43948420257197	9.01747330918771e-06	0	2.87931899070728e-06
"Bangladesh"	2017	"6"	504	15	-4.45406622673617	8.42590913351135e-06	0	2.61466982869698e-06
"Bangladesh"	2017	"7"	504	15	-4.43629531788717	9.15202730731797e-06	0	2.49491560049078e-06
"Bangladesh"	2017	"8"	504	15	-4.4476969355875	8.67958713692089e-06	0	1.45325362017037e-06
"Bangladesh"	2017	"9"	504	15	-4.44137318577959	8.93866194570807e-06	0	2.46646126525352e-06
"India"	2017	"0"	83	15	-4.44873480865381	8.63775849507554e-06	0	5.54548582050084e-06
"India"	2017	"1"	83	15	-4.44408841235764	8.82653049065404e-06	0	7.36884903418936e-06
"India"	2017	"2"	83	15	-4.4144058632361	1.01287778182754e-05	0	4.43582747503662e-06
"India"	2017	"3"	83	15	-4.44414444594815	8.82423067296932e-06	0	9.03075699547333e-06
"India"	2017	"4"	83	15	-4.44528120300947	8.77769758193412e-06	0	7.8460172853928e-06
"India"	2017	"5"	83	15	-4.44821182064067	8.6588119624887e-06	0	6.58982809606011e-06
"India"	2017	"6"	83	15	-4.44903762872968	8.62559050761001e-06	0	5.19349548433637e-06
"India"	2017	"7"	83	15	-4.43794814112713	9.08204925941201e-06	0	6.4490120219925e-06
"India"	2017	"8"	83	15	-4.44544825463087	8.77087912604575e-06	0	4.08321489007788e-06
"India"	2017	"9"	83	15	-4.44717278391363	8.70078513658645e-06	0	9.32643604978414e-06
"Bangladesh"	2018	"0"	426	15	-4.44523239303693	8.77969078828829e-06	0	2.15977010282762e-06
"Bangladesh"	2018	"1"	426	15	-4.44293740327258	8.87389891160385e-06	0	1.59733515105843e-05
"Bangladesh"	2018	"2"	426	15	-4.42880121502676	9.47583092050972e-06	0	1.75909248080722e-05
"Bangladesh"	2018	"3"	426	15	-4.45120780201708	8.53886623334243e-06	0	1.75050910742315e-06
"Bangladesh"	2018	"4"	426	15	-4.44207384110252	8.90959718415439e-06	0	1.66120349864608e-05
"Bangladesh"	2018	"5"	426	15	-4.43012749382913	9.41773935599046e-06	0	1.65692792697991e-05
"Bangladesh"	2018	"6"	426	15	-4.42940212301039	9.44946861346242e-06	0	1.70397103249245e-05
"Bangladesh"	2018	"7"	426	15	-4.4461058892293	8.74408596062529e-06	0	1.35619240910912e-05
"Bangladesh"	2018	"8"	426	15	-4.45100156592221	8.54707185190337e-06	0	1.53183720426163e-05
"Bangladesh"	2018	"9"	426	15	-4.44650805721481	8.72773950522902e-06	0	1.71681732837664e-05
"Bangladesh"	2019	"0"	67	15	-4.44389676730304	8.83440061508404e-06	0	1.25120483449908e-06
"Bangladesh"	2019	"1"	67	15	-4.44799945144766	8.6673751142897e-06	0	1.09766584787655e-06
"Bangladesh"	2019	"2"	67	15	-4.44535983507775	8.77448746847394e-06	0	1.10324083830487e-06
"Bangladesh"	2019	"3"	67	15	-4.44244375961933	8.89428857798466e-06	0	1.34251442333422e-06
"Bangladesh"	2019	"4"	67	15	-4.44684098082372	8.71422964325955e-06	0	1.23178245079542e-06
"Bangladesh"	2019	"5"	67	15	-4.44517625520098	8.78198377041694e-06	0	1.35884112749696e-06
"Bangladesh"	2019	"6"	67	15	-4.43160783762256	9.35330151041525e-06	0	1.73264575604833e-06
"Bangladesh"	2019	"7"	67	15	-4.44160352832391	8.92909683593903e-06	0	1.40420961493147e-06
"Bangladesh"	2019	"8"	67	15	-4.43937034574251	9.02224475064914e-06	0	1.76024798960427e-06
"Bangladesh"	2019	"9"	67	15	-4.4448023242558	8.79727180217924e-06	0	1.30886741496627e-06
"India"	2019	"0"	38	15	-4.45301850051887	8.4671455838914e-06	0	2.29216460307706e-06
"India"	2019	"1"	38	15	-4.43570973768057	9.17694325684883e-06	0	3.68583499803095e-06
"India"	2019	"2"	38	15	-4.42338056358091	9.71683592202855e-06	0	2.77027687515158e-06
"India"	2019	"3"	38	15	-4.4128918988451	1.01998932519077e-05	0	3.57593660542509e-06
"India"	2019	"4"	38	15	-4.41688128709509	1.00135188523501e-05	0	4.21874284048248e-06
"India"	2019	"5"	38	15	-4.42515496809526	9.63730754578378e-06	0	3.65416098372063e-06
"India"	2019	"6"	38	15	-4.42480383914718	9.65299554737008e-06	0	2.84377637649843e-06
"India"	2019	"7"	38	15	-4.41755551089906	9.98234383045471e-06	0	3.34126139056129e-06
"India"	2019	"8"	38	15	-4.40919950944435	1.03753410182508e-05	0	4.14659941223905e-06
"India"	2019	"9"	38	15	-4.40712576635369	1.04751370896334e-05	0	3.7408195374762e-06
"India"	2021	"0"	89	15	-4.44595700998883	8.75014469923898e-06	0	8.80107276275905e-07
"India"	2021	"1"	89	15	-4.4443276178719	8.81671664112793e-06	0	1.0428030784218e-06
"India"	2021	"2"	89	15	-4.43854301313837	9.05698861720762e-06	0	1.05943435262025e-06
"India"	2021	"3"	89	15	-4.45134624224253	8.53336226678397e-06	0	9.21453618213285e-07
"India"	2021	"4"	89	15	-4.45013517918057	8.58162561590665e-06	0	9.30974234279511e-07
"India"	2021	"5"	89	15	-4.41795076136562	9.96411121009045e-06	0	2.69831892531237e-06
"India"	2021	"6"	89	15	-4.411907845803	1.02463726031688e-05	0	3.16284556913994e-06
"India"	2021	"7"	89	15	-4.41770685014792	9.97535889802921e-06	0	2.75499858830833e-06
"India"	2021	"8"	89	15	-4.44831621298076	8.65460561851663e-06	0	7.12893801345673e-07
"India"	2021	"9"	89	15	-4.44657066644997	8.72519732880232e-06	0	8.69586319834117e-07
"Bangladesh"	2022	"0"	68	15	-4.41173699454887	1.02544629268012e-05	0	5.28726569831951e-06
"Bangladesh"	2022	"1"	68	15	-4.40482002362033	1.05871739088157e-05	0	6.24408689215226e-06
"Bangladesh"	2022	"2"	68	15	-4.41916858060802	9.90813385027508e-06	0	5.33476933698718e-06
"Bangladesh"	2022	"3"	68	15	-4.41795394922779	9.96396428568228e-06	0	4.15274472496497e-06
"Bangladesh"	2022	"4"	68	15	-4.41995446638349	9.8721700159541e-06	0	4.72097611197152e-06
"Bangladesh"	2022	"5"	68	15	-4.42586871402103	9.60549331031369e-06	0	3.81177755975194e-06
"Bangladesh"	2022	"6"	68	15	-4.40535838988619	1.05609125710947e-05	0	6.04423827585329e-06
"Bangladesh"	2022	"7"	68	15	-4.42095326046089	9.82664294357593e-06	0	3.8194701014084e-06
"Bangladesh"	2022	"8"	68	15	-4.4126826073954	1.02097617341434e-05	0	3.8418986663209e-06
"Bangladesh"	2022	"9"	68	15	-4.42255645388589	9.75398514604425e-06	0	4.55611098533834e-06
"Bangladesh"	2023	"0"	17	15	-4.42799242766668	9.51142400166899e-06	0	1.39835964834726e-06
"Bangladesh"	2023	"1"	17	15	-4.42517029821218	9.63662317054598e-06	0	1.67148385135831e-06
"Bangladesh"	2023	"2"	17	15	-4.41141042331932	1.02699440403396e-05	0	1.82630548155214e-06
"Bangladesh"	2023	"3"	17	15	-4.41085651592735	1.02962530756772e-05	0	1.63177770810152e-06
"Bangladesh"	2023	"4"	17	15	-4.40609936480654	1.05248697518103e-05	0	1.60749626812901e-06
"Bangladesh"	2023	"5"	17	15	-4.42067120009692	9.83947946962549e-06	0	1.88116573446354e-06
"Bangladesh"	2023	"6"	17	15	-4.41032016969613	1.03217893327669e-05	0	1.62335064732146e-06
"Bangladesh"	2023	"7"	17	15	-4.42365760236803	9.70437794716544e-06	0	1.363808839461e-06
"Bangladesh"	2023	"8"	17	15	-4.40660625763403	1.05002809489598e-05	0	1.82252358195267e-06
"Bangladesh"	2023	"9"	17	15	-4.41458681779758	1.01203095931398e-05	0	1.88681129050768e-06
"India"	2023	"0"	46	15	-4.44232591303364	8.89916277841867e-06	0	1.06339064301598e-06
"India"	2023	"1"	46	15	-4.44850107129195	8.64716180061846e-06	0	1.83579343996425e-06
"India"	2023	"2"	46	15	-4.45517807572159	8.38235888964599e-06	0	9.99841650078669e-07
"India"	2023	"3"	46	15	-4.45514433917078	8.38367715280088e-06	0	9.49562607723817e-07
"India"	2023	"4"	46	15	-4.44860804416189	8.64285704504413e-06	0	1.90927695145535e-06
"India"	2023	"5"	46	15	-4.45563923202446	8.36435895739243e-06	0	5.75705770066437e-07
"India"	2023	"6"	46	15	-4.44064279010043	8.9690568442005e-06	0	1.41720984360121e-06
"India"	2023	"7"	46	15	-4.45200221878889	8.50732867821807e-06	0	9.3063949934044e-07
"India"	2023	"8"	46	15	-4.45296398190473	8.46929660060139e-06	0	1.18538785953247e-06
"India"	2023	"9"	46	15	-4.45418552732075	8.42122588730879e-06	0	1.03249625301769e-06
